name: tensorflow
channels:
  - defaults
dependencies:
  - _tflow_1100_select=0.0.3=mkl
  - absl-py=0.4.1=py36_0
  - astor=0.7.1=py36_0
  - blas=1.0=mkl
  - certifi=2018.8.24=py36_1
  - gast=0.2.0=py36_0
  - grpcio=1.12.1=py36h1a1b453_0
  - icc_rt=2017.0.4=h97af966_0
  - intel-openmp=2018.0.3=0
  - libmklml=2018.0.3=1
  - libprotobuf=3.6.0=h1a1b453_0
  - markdown=2.6.11=py36_0
  - mkl=2019.0=117
  - mkl_fft=1.0.4=py36h1e22a9b_1
  - mkl_random=1.0.1=py36h77b88f5_1
  - numpy=1.15.1=py36ha559c80_0
  - numpy-base=1.15.1=py36h8128ebf_0
  - pip=10.0.1=py36_0
  - protobuf=3.6.0=py36he025d50_0
  - python=3.6.6=hea74fb7_0
  - setuptools=40.2.0=py36_0
  - six=1.11.0=py36_1
  - tensorboard=1.10.0=py36he025d50_0
  - tensorflow=1.10.0=mkl_py36hb361250_0
  - tensorflow-base=1.10.0=mkl_py36h81393da_0
  - termcolor=1.1.0=py36_1
  - vc=14=h0510ff6_3
  - vs2013_runtime=12.0.21005=1
  - vs2015_runtime=14.0.25123=3
  - werkzeug=0.14.1=py36_0
  - wheel=0.31.1=py36_0
  - wincertstore=0.2=py36h7fe50ca_0
  - zlib=1.2.11=h8395fce_2
prefix: D:\ProgramData\Anaconda3\envs\tensorflow

